FDD_reg FDD_mem TDD_reg TDD_mem unknown NOP ACE Prefetching IQ_AVF ROB_AVF FU_AVF L2readmiss L2readaccess dcachereadMiss dcacheReadAccess dtlbTotalMiss dtlbTotalAccess icacheReadMiss icacheReadAccess itlbTotalmiss itlbTotalAccess  floatRegWrite intRegWrite floatRegRead intRegRead CommitedFpinst CommitedIntInst CommitedInst StoreInst LoadInst branchMisspredict branchInst fpIntNum intInstNum totalInst busyCycle totalCycle IPC
3062 602 1097 1290 340 6989 23465 0 inf inf inf 981 50 1247 15058 57 17141 289 35485 0 0 36 173680 37 69943 24486 48973 97946 3853 9631 1104 12282 19211 38423 76846 100000 100000 0.768460 
2068 4615 598 1816 3388 28931 43820 345 28.113216 16.679565 9.174267 776 192 1047 22962 13 24710 264 36010 0 0 262 172314 13 67671 25170 50340 100680 9615 12276 801 12962 21395 42790 85581 100000 100000 0.855810 
1895 7445 626 1740 4681 29554 36099 1009 10.168231 5.299611 3.943450 681 398 1191 30320 9 32408 300 33615 0 0 68 157874 45 72737 24333 48666 97332 13714 15019 669 11483 20762 41524 83049 100000 100000 0.830490 
1654 7868 27 2027 4084 29416 33777 845 6.463990 3.159347 2.436978 747 685 2138 26638 7 29802 225 28427 0 0 0 141658 18 69809 22071 44142 88285 14641 12166 424 10364 19924 39849 79698 100000 100000 0.796980 
1642 6525 1688 1427 11358 29786 25355 2377 4.125908 5.487742 1.744350 640 796 1228 36739 5 38234 53 29212 0 0 612 140242 26 64930 22593 45186 90372 15835 19553 344 9783 20039 40079 80158 100000 100000 0.801580 
4390 9496 360 1557 2037 41352 44652 154 4.820303 1.664381 1.852853 305 214 171 29228 13 29710 186 38338 0 0 0 204700 0 77193 28435 56870 113741 8681 18301 396 20413 25999 51999 103998 100000 100000 1.039980 
3845 9576 623 3340 812 32001 36431 0 3.065682 1.065137 1.230667 29 20 47 31372 0 31456 10 28925 0 0 0 150712 0 74931 22085 44170 88341 12346 18837 132 14061 21657 43314 86628 100000 100000 0.866280 
2689 11791 748 5098 635 31666 32096 0 2.215648 0.752769 0.926062 45 35 145 30633 0 30823 3 27499 0 0 0 145624 0 72747 21298 42596 85192 12206 18516 33 13681 21180 42361 84723 100000 100000 0.847230 
2670 11300 719 4867 642 31094 32158 0 1.933515 0.665001 0.811883 40 49 154 30520 0 30715 3 27108 0 0 0 143000 0 71000 20923 41846 83692 12103 18514 19 13439 20862 41725 83450 100000 100000 0.834500 
2649 11610 735 5024 598 31196 31839 0 1.698025 0.578862 0.713600 37 35 148 30666 0 30851 0 26955 0 0 0 142798 0 71978 20923 41847 83694 12269 18537 8 13357 20912 41825 83651 100000 100000 0.836510 
3157 11737 863 5017 623 33293 36946 0 1.749000 0.606690 0.744880 138 123 309 32809 10 33248 39 30195 0 0 0 160018 0 75379 23525 47051 94102 13263 19329 139 14358 22909 45818 91636 100000 100000 0.916360 
2817 8067 529 2297 1164 23001 23546 7 1.190986 0.425004 0.441533 1142 1170 1013 20634 4 23144 698 27349 0 0 34 126308 131 59118 19011 38023 76046 7358 11643 1064 8526 15357 30714 61428 100000 100000 0.614280 
1283 3869 82 937 2018 17729 21346 252 1.056974 0.544818 0.379004 1570 1090 862 17204 27 20140 1103 25333 0 0 290 103196 111 52777 16372 32745 65491 6749 8212 1343 7394 11879 23758 47516 100000 100000 0.475160 
1802 5487 443 2631 2540 21959 22462 321 0.970324 0.761676 0.376079 859 1217 937 18463 13 20724 619 27951 0 0 78 124624 29 59921 18229 36459 72919 5514 11257 1028 8988 14411 28822 57645 100000 100000 0.576450 
Overall FDD_reg: 35623.
Overall FDD_mem: 109988.
Overall TDD_reg: 9138.
Overall TDD_mem: 39068.
Overall unknown instructions: 34920.
Overall NOP: 387967.
Overall ACE instructions: 443992.
Overall Prefetching: 5310.
Overall IQAVF: 16.686324.
Overall ROBAVF: 8.428084.
Overall FUAVF: 6.506135.
Overall register files AVF: 44.398901.
Overall DL1 cache data part AVF: 0.000000.
Overall DL1 cache data part unknown: 0.000000.
Overall DL1 cache tag part AVF: 0.000000.
Overall DL1 cache tag part unknown: 0.000000.
Overall DTLB cache data part AVF: 0.000000.
Overall DTLB cache data part unknown: 0.000000.
Overall DTLB cache tag part AVF: 0.000000.
Overall DTLB cache tag part unknown: 0.000000.
Overall Load queue data part AVF: 2.285143.
Overall Load queue tag part AVF: 3.347607.
Overall Store queue data part AVF: 3.741503.
Overall Store queue tag part AVF: 5.073800.
Overall victim buffer data part AVF: 0.000000.
Overall victim buffer data part unknown: 0.000000.
Overall victim buffer tag part AVF: 0.000000.
Overall victim buffer tag part unknown: 0.000000.
