FDD_reg FDD_mem TDD_reg TDD_mem unknown NOP ACE Prefetching IQ_AVF ROB_AVF FU_AVF L2readmiss L2readaccess dcachereadMiss dcacheReadAccess dtlbTotalMiss dtlbTotalAccess icacheReadMiss icacheReadAccess itlbTotalmiss itlbTotalAccess  floatRegWrite intRegWrite floatRegRead intRegRead CommitedFpinst CommitedIntInst CommitedInst StoreInst LoadInst branchMisspredict branchInst fpIntNum intInstNum totalInst busyCycle totalCycle IPC
3062 602 1097 1290 340 6989 23465 0 inf inf inf 981 50 1247 15058 57 17141 289 35485 0 0 36 173680 37 69943 24486 48973 97946 3853 9631 1104 12282 19211 38423 76846 100000 100000 0.768460 
2068 4615 598 1816 3388 28931 43820 345 28.113216 16.679565 9.174267 776 192 1047 22962 13 24710 264 36010 0 0 262 172314 13 67671 25170 50340 100680 9615 12276 801 12962 21395 42790 85581 100000 100000 0.855810 
1895 7445 626 1740 4681 29554 36099 1009 10.168231 5.299611 3.943450 681 398 1191 30320 9 32408 300 33615 0 0 68 157874 45 72737 24333 48666 97332 13714 15019 669 11483 20762 41524 83049 100000 100000 0.830490 
1654 7868 27 2027 4084 29416 33777 845 6.463990 3.159347 2.436978 747 685 2138 26638 7 29802 225 28427 0 0 0 141658 18 69809 22071 44142 88285 14641 12166 424 10364 19924 39849 79698 100000 100000 0.796980 
1642 6525 1688 1427 11358 29786 25355 2377 4.125908 5.487742 1.744350 640 796 1228 36739 5 38234 53 29212 0 0 612 140242 26 64930 22593 45186 90372 15835 19553 344 9783 20039 40079 80158 100000 100000 0.801580 
4390 9496 360 1557 2037 41352 44652 154 4.820303 1.664381 1.852853 305 214 171 29228 13 29710 186 38338 0 0 0 204700 0 77193 28435 56870 113741 8681 18301 396 20413 25999 51999 103998 100000 100000 1.039980 
3845 9576 623 3340 812 32001 36431 0 3.065682 1.065137 1.230667 29 20 47 31372 0 31456 10 28925 0 0 0 150712 0 74931 22085 44170 88341 12346 18837 132 14061 21657 43314 86628 100000 100000 0.866280 
2689 11791 748 5098 635 31666 32096 0 2.215648 0.752769 0.926062 45 35 145 30633 0 30823 3 27499 0 0 0 145624 0 72747 21298 42596 85192 12206 18516 33 13681 21180 42361 84723 100000 100000 0.847230 
2670 11300 719 4867 642 31094 32158 0 1.933515 0.665001 0.811883 40 49 154 30520 0 30715 3 27108 0 0 0 143000 0 71000 20923 41846 83692 12103 18514 19 13439 20862 41725 83450 100000 100000 0.834500 
2649 11610 735 5024 598 31196 31839 0 1.698025 0.578862 0.713600 37 35 148 30666 0 30851 0 26955 0 0 0 142798 0 71978 20923 41847 83694 12269 18537 8 13357 20912 41825 83651 100000 100000 0.836510 
3157 11737 863 5017 623 33293 36946 0 1.749000 0.606690 0.744880 138 123 309 32809 10 33248 39 30195 0 0 0 160018 0 75379 23525 47051 94102 13263 19329 139 14358 22909 45818 91636 100000 100000 0.916360 
2817 8067 529 2297 1164 23001 23546 7 1.190986 0.425004 0.441533 1142 1170 1013 20634 4 23144 698 27349 0 0 34 126308 131 59118 19011 38023 76046 7358 11643 1064 8526 15357 30714 61428 100000 100000 0.614280 
1437 4114 99 986 2113 19417 22552 259 1.148387 0.579250 0.400268 1292 1487 478 19866 10 22659 1213 25468 0 0 60 113454 169 50588 16886 33773 67547 5522 11461 1159 7185 12744 25488 50977 100000 100000 0.509770 
2944 6759 413 1983 892 31071 25932 79 1.321961 0.482963 0.406231 759 2152 552 27123 7 30238 1173 32662 0 0 168 148560 107 63946 22183 44367 88734 8333 15703 1137 10078 17518 35036 70073 100000 100000 0.700730 
2247 8397 237 1724 1788 34033 27499 102 1.213710 0.469089 0.411638 625 332 375 35702 0 36855 449 41963 0 0 16 175882 6 82283 27106 54213 108426 9924 18595 1713 12484 19006 38013 76027 100000 100000 0.760270 
1720 6369 153 1823 988 28445 25150 76 0.932812 0.363567 0.344151 921 895 308 27373 15 29308 853 36200 0 0 154 149874 7 72563 23075 46151 92302 7343 14514 1796 11306 16181 32362 64724 100000 100000 0.647240 
2649 9654 279 2437 270 36675 34095 0 1.157402 0.405519 0.427104 270 1364 70 35760 0 37423 731 41923 0 0 134 189098 20 86211 28563 57126 114253 9954 20067 1559 15033 21514 43029 86059 100000 100000 0.860590 
1886 6725 168 2107 792 27902 25466 34 0.845643 0.293498 0.306012 940 758 504 29611 8 31593 734 38230 0 0 12 154326 22 76431 24207 48414 96828 8635 14497 1823 11061 16270 32540 65080 100000 100000 0.650800 
2057 10237 167 2204 2438 35504 29871 140 0.988557 0.456700 0.353213 443 1460 570 37367 0 39684 705 39550 0 0 72 172192 28 82879 27021 54042 108084 12909 19071 1433 12238 20654 41309 82618 100000 100000 0.826180 
2313 12237 211 2538 3036 42310 34530 243 1.070892 0.373843 0.389398 154 1126 533 42476 0 44066 380 42696 0 0 56 198930 19 88143 30201 60403 120807 13965 22637 971 14728 24354 48709 97418 100000 100000 0.974180 
2306 8471 102 2677 993 40533 32813 41 0.978897 0.388966 0.334158 252 1189 230 36387 0 37952 557 43786 0 0 138 197552 8 86516 29354 58709 117419 9283 20385 1564 15472 21984 43968 87936 100000 100000 0.879360 
2771 8686 226 2165 1080 36952 35561 89 0.917897 0.329014 0.345479 92 1066 99 36997 0 38189 458 44292 0 0 170 197246 19 90347 29825 59651 119302 9638 20814 1782 15524 21882 43765 87530 100000 100000 0.875300 
2901 9244 266 2078 794 38836 37317 16 0.928003 0.325097 0.344197 45 1123 90 37627 0 38802 434 43908 0 0 178 201498 21 90642 30172 60345 120690 10058 21509 1545 16194 22863 45726 91452 100000 100000 0.914520 
3024 10089 332 2419 1024 42622 39626 32 0.947526 0.328531 0.350952 13 692 67 40126 0 40837 262 43035 0 0 192 207078 22 89048 30511 61022 122045 11032 24062 1159 17382 24792 49584 99168 100000 100000 0.991680 
2886 7943 586 2608 1274 38504 34734 206 0.858748 0.316718 0.296631 361 454 235 35153 2 36088 360 40512 0 0 836 191476 0 85074 28144 56288 112577 8508 21611 1384 14799 22185 44370 88741 100000 100000 0.887410 
2385 6551 299 1845 951 29795 30588 676 0.606668 0.208628 0.245875 818 1107 154 30049 6 31997 959 36657 0 0 80 163696 18 75467 24847 49694 99388 8251 16322 1769 11635 18272 36545 73090 100000 100000 0.730900 
1934 8247 273 3021 1064 33547 31922 110 0.665324 0.229540 0.250653 657 1184 377 32355 0 34386 778 38880 0 0 114 174276 55 83210 26614 53228 106456 10232 17147 1580 12107 20029 40059 80118 100000 100000 0.801180 
3336 8537 224 3578 1403 38055 34158 246 0.719254 0.270383 0.260977 228 172 209 32058 0 32515 110 37857 0 0 220 192610 7 77000 27703 55406 110813 7994 19979 1062 12941 22384 44768 89537 100000 100000 0.895370 
2180 4773 764 2464 847 31017 28874 107 0.586756 0.225682 0.211890 716 499 571 25126 5 26617 433 36072 0 0 104 163950 0 74780 24108 48217 96434 6225 15342 1531 11138 17756 35513 71026 100000 100000 0.710260 
2941 7106 376 1551 1312 33780 33625 64 0.825164 0.307485 0.238147 464 944 437 34257 2 35768 540 39424 0 0 126 175888 36 84998 26845 53690 107380 10226 18362 1503 11650 20188 40377 80755 100000 100000 0.807550 
2513 7542 460 2268 2504 37482 32072 254 0.629592 0.209733 0.226736 492 707 182 32618 4 33833 560 43695 0 0 98 196604 9 85607 29135 58271 116543 7842 18405 1591 15651 21273 42547 85095 100000 100000 0.850950 
2160 7303 227 2951 361 35286 30717 0 0.597706 0.194087 0.197954 568 877 233 32221 3 33645 591 40026 0 0 80 182370 121 79902 27397 54795 109590 8308 17906 1393 13460 19751 39502 79005 100000 100000 0.790050 
Overall FDD_reg: 81128.
Overall FDD_mem: 259616.
Overall TDD_reg: 14475.
Overall TDD_mem: 80927.
Overall unknown instructions: 56286.
Overall NOP: 1040045.
Overall ACE instructions: 1027286.
Overall Prefetching: 7511.
Overall IQAVF: 17.641731.
Overall ROBAVF: 7.308845.
Overall FUAVF: 6.493929.
Overall register files AVF: 45.292148.
Overall DL1 cache data part AVF: 0.000000.
Overall DL1 cache data part unknown: 0.000000.
Overall DL1 cache tag part AVF: 0.000000.
Overall DL1 cache tag part unknown: 0.000000.
Overall DTLB cache data part AVF: 0.000000.
Overall DTLB cache data part unknown: 0.000000.
Overall DTLB cache tag part AVF: 0.000000.
Overall DTLB cache tag part unknown: 0.000000.
Overall Load queue data part AVF: 3.148893.
Overall Load queue tag part AVF: 4.083642.
Overall Store queue data part AVF: 2.612929.
Overall Store queue tag part AVF: 3.288270.
Overall victim buffer data part AVF: 0.000000.
Overall victim buffer data part unknown: 0.000000.
Overall victim buffer tag part AVF: 0.000000.
Overall victim buffer tag part unknown: 0.000000.
