simpoint_ID FDD_reg FDD_mem TDD_reg TDD_mem unknown NOP ACE Prefetching IQ_AVF ROB_AVF FU_AVF L2readmiss L2readaccess dcachereadMiss dcacheReadAccess dtlbTotalMiss dtlbTotalAccess icacheReadMiss icacheReadAccess itlbTotalmiss itlbTotalAccess  floatRegWrite intRegWrite floatRegRead intRegRead CommitedFpinst CommitedIntInst CommitedInst StoreInst LoadInst branchMisspredict branchInst fpIntNum intInstNum totalInst IPC
0 0 0 0 15040 58279 7520 5640 2.078794 22.848318 1.504000 5514 2246 16514 32996 23 52287 2 33021 0 0 0 209096 0 151340 31640 63280 126560 21997 27496 0 2750 31620 63240 126480 300000 300000 0.421600 
0 0 0 0 22024 85343 11012 8259 3.001222 33.479988 2.202400 5508 2762 16518 33036 17 52294 0 33036 0 0 0 209228 0 151440 31659 63319 126638 22024 27530 0 2753 31659 63319 126638 600000 600000 0.422127 
0 0 0 0 22032 85374 11016 8262 3.002512 33.475517 2.203200 5511 2762 16520 33052 20 52310 0 33048 0 0 0 209304 0 151498 31671 63342 126684 22032 27540 0 2754 31671 63342 126684 900000 900000 0.422280 
0 0 0 0 20448 79236 10224 7668 2.786666 31.931042 2.044800 5112 2566 15336 30672 15 48554 0 30672 0 0 0 194256 0 140596 29394 58788 117576 20448 25560 0 2556 29394 58788 117576 1200000 1200000 0.391920 
0 0 0 0 19197 74389 9598 7199 2.616344 33.559437 1.919667 4799 2407 14396 28792 14 45576 0 28790 0 0 0 182324 0 131965 27589 55179 110358 19197 23996 0 2399 27595 55191 110383 1500000 1500000 0.367943 
0 0 0 0 19200 74400 9600 7200 2.616996 33.562664 1.920000 4800 2409 14400 28800 13 45592 0 28800 0 0 0 182400 0 132010 27600 55200 110400 19200 24000 0 2400 27600 55200 110400 1800000 1800000 0.368000 
0 0 0 0 19202 74411 9602 7201 2.617204 33.566788 1.920267 4801 2409 14402 28802 17 45591 0 28804 0 0 0 182416 0 132033 27604 55208 110416 19202 24004 0 2401 27604 55208 110416 2100000 2100000 0.368053 
0 0 0 0 19200 74400 9600 7200 2.616870 33.562607 1.920000 4800 2409 14400 28800 14 45590 0 28800 0 0 0 182400 0 132008 27600 55200 110400 19200 24000 0 2400 27600 55200 110400 2400000 2400000 0.368000 
0 0 0 0 19200 74400 9600 7200 2.616996 33.562664 1.920000 4800 2409 14400 28800 13 45592 0 28800 0 0 0 182400 0 132010 27600 55200 110400 19200 24000 0 2400 27600 55200 110400 2700000 2700000 0.368000 
0 0 0 0 19200 74400 9600 7200 2.616870 33.562607 1.920000 4800 2410 14400 28800 15 45590 0 28800 0 0 0 182400 0 132010 27600 55200 110400 19200 24000 0 2400 27600 55200 110400 3000000 3000000 0.368000 
0 0 0 0 19200 74400 9600 7200 2.616870 33.562607 1.920000 4800 2410 14400 28800 15 45590 0 28800 0 0 0 182400 0 132010 27600 55200 110400 19200 24000 0 2400 27600 55200 110400 3300000 3300000 0.368000 
0 0 0 0 19200 74400 9600 7200 2.616996 33.562664 1.920000 4800 2408 14400 28800 12 45592 0 28800 0 0 0 182400 0 132008 27600 55200 110400 19200 24000 0 2400 27600 55200 110400 3600000 3600000 0.368000 
0 0 0 0 19200 74400 9600 7200 2.616870 33.562607 1.920000 4800 2410 14400 28800 15 45590 0 28800 0 0 0 182400 0 132010 27600 55200 110400 19200 24000 0 2400 27600 55200 110400 3900000 3900000 0.368000 
0 0 0 0 19200 74400 9600 7200 2.616870 33.562607 1.920000 4800 2410 14400 28800 15 45590 0 28800 0 0 0 182400 0 132010 27600 55200 110400 19200 24000 0 2400 27600 55200 110400 4200000 4200000 0.368000 
0 0 0 0 19185 74338 9592 7194 2.614618 33.549065 1.918467 4801 2405 14388 28784 14 45559 0 28782 0 0 0 182308 0 131926 27583 55167 110334 19185 23980 0 2398 27577 55154 110309 4500000 4500000 0.367697 
0 0 0 0 19200 74400 9600 7200 2.616996 33.562664 1.920000 4802 2407 14398 28802 15 45589 0 28800 0 0 0 182400 0 132009 27600 55200 110400 19200 24000 0 2400 27600 55200 110400 4800000 4800000 0.368000 
0 0 0 0 19200 74400 9600 7200 2.616857 33.567768 1.920000 4801 2409 14398 28802 17 45587 0 28800 0 0 0 182400 0 132009 27600 55200 110400 19200 24000 0 2400 27600 55200 110400 5100000 5100000 0.368000 
0 0 0 0 19200 74400 9600 7200 2.616870 33.562607 1.920000 4801 2408 14398 28802 16 45587 0 28800 0 0 0 182400 0 132007 27600 55200 110400 19200 24000 0 2400 27600 55200 110400 5400000 5400000 0.368000 
0 0 0 0 19199 74400 9600 7200 2.616804 33.567257 1.919933 4799 2407 14400 28792 13 45582 0 28794 0 0 0 182340 0 131991 27593 55187 110374 19199 24000 0 2400 27599 55199 110399 5700000 5700000 0.367997 
0 0 0 0 19201 74400 9600 7200 2.616970 33.563625 1.920067 4802 2411 14400 28808 15 45599 0 28806 0 0 0 182460 0 132032 27606 55213 110426 19201 24000 0 2400 27600 55200 110401 6000000 6000000 0.368003 
0 0 0 0 19200 74400 9600 7200 2.616870 33.560783 1.920000 4800 2409 14400 28800 14 45590 0 28800 0 0 0 182400 0 132008 27600 55200 110400 19200 24000 0 2400 27600 55200 110400 6300000 6300000 0.368000 
0 0 0 0 19200 74400 9600 7200 2.616996 33.562664 1.920000 4800 2409 14400 28800 13 45592 0 28800 0 0 0 182400 0 132010 27600 55200 110400 19200 24000 0 2400 27600 55200 110400 6600000 6600000 0.368000 
0 0 0 0 19200 74400 9600 7200 2.616870 33.562607 1.920000 4800 2410 14400 28800 15 45590 0 28800 0 0 0 182400 0 132010 27600 55200 110400 19200 24000 0 2400 27600 55200 110400 6900000 6900000 0.368000 
0 0 0 0 19200 74400 9600 7200 2.616870 33.562607 1.920000 4800 2409 14400 28800 14 45590 0 28800 0 0 0 182400 0 132008 27600 55200 110400 19200 24000 0 2400 27600 55200 110400 7200000 7200000 0.368000 
0 0 0 0 19200 74400 9600 7200 2.616996 33.562664 1.920000 4800 2409 14400 28800 13 45592 0 28800 0 0 0 182400 0 132010 27600 55200 110400 19200 24000 0 2400 27600 55200 110400 7500000 7500000 0.368000 
0 0 0 0 19200 74400 9600 7200 2.616870 33.562607 1.920000 4800 2410 14400 28800 15 45590 0 28800 0 0 0 182400 0 132010 27600 55200 110400 19200 24000 0 2400 27600 55200 110400 7800000 7800000 0.368000 
0 0 0 0 19200 74400 9600 7200 2.616870 33.562607 1.920000 4800 2410 14400 28800 15 45590 0 28800 0 0 0 182396 0 132010 27600 55200 110400 19200 24000 0 2400 27600 55200 110400 8100000 8100000 0.368000 
0 0 0 0 19064 73873 9532 7149 2.598455 33.324928 1.906400 4769 2388 14296 28598 14 45265 0 28596 0 0 0 181112 0 131075 27404 54809 109618 19064 23830 0 2383 27404 54809 109618 8400000 8400000 0.365393 
0 0 0 0 19192 74369 9596 7197 2.615596 33.798691 1.919200 4801 2406 14392 28790 17 45567 0 28788 0 0 0 182324 0 131957 27588 55177 110354 19192 23990 0 2399 27588 55177 110354 8700000 8700000 0.367847 
0 0 0 0 19200 74400 9600 7200 2.616870 33.562607 1.920000 4800 2410 14400 28800 15 45590 0 28800 0 0 0 182400 0 132010 27600 55200 110400 19200 24000 0 2400 27600 55200 110400 9000000 9000000 0.368000 
0 0 0 0 19200 74400 9600 7200 2.616870 33.562607 1.920000 4800 2408 14400 28800 12 45592 0 28800 0 0 0 182400 0 132008 27600 55200 110400 19200 24000 0 2400 27600 55200 110400 9300000 9300000 0.368000 
0 0 0 0 19200 74400 9600 7200 2.616996 33.560841 1.920000 4802 2408 14398 28802 17 45586 0 28800 0 0 0 182400 0 132012 27600 55200 110400 19200 24000 0 2400 27600 55200 110400 9600000 9600000 0.368000 
0 0 0 0 19200 74400 9600 7200 2.616778 33.566456 1.920000 4800 2410 14400 28800 15 45590 0 28800 0 0 0 182400 0 132010 27600 55200 110400 19200 24000 0 2400 27600 55200 110400 9900000 9900000 0.368000 
0 0 0 0 19200 74400 9600 7200 2.616870 33.562607 1.920000 4800 2409 14400 28800 14 45590 0 28800 0 0 0 182400 0 132008 27600 55200 110400 19200 24000 0 2400 27600 55200 110400 10200000 10200000 0.368000 
0 0 0 0 19200 74400 9600 7200 2.616996 33.562664 1.920000 4800 2409 14400 28800 13 45592 0 28800 0 0 0 182400 0 132010 27600 55200 110400 19200 24000 0 2400 27600 55200 110400 10500000 10500000 0.368000 
0 0 0 0 19200 74400 9600 7200 2.616870 33.562607 1.920000 4800 2410 14400 28800 15 45590 0 28800 0 0 0 182400 0 132010 27600 55200 110400 19200 24000 0 2400 27600 55200 110400 10800000 10800000 0.368000 
0 0 0 0 19200 74400 9600 7200 2.616870 33.562607 1.920000 4800 2409 14400 28800 14 45590 0 28800 0 0 0 182400 0 132008 27600 55200 110400 19200 24000 0 2400 27600 55200 110400 11100000 11100000 0.368000 
0 0 0 0 19200 74400 9600 7200 2.616996 33.562664 1.920000 4800 2409 14400 28800 13 45592 0 28800 0 0 0 182400 0 132010 27600 55200 110400 19200 24000 0 2400 27600 55200 110400 11400000 11400000 0.368000 
0 0 0 0 19200 74400 9600 7200 2.616870 33.562607 1.920000 4800 2410 14400 28800 15 45590 0 28800 0 0 0 182400 0 132010 27600 55200 110400 19200 24000 0 2400 27600 55200 110400 11700000 11700000 0.368000 
0 0 0 0 19200 74400 9600 7200 2.616870 33.562607 1.920000 4800 2409 14400 28800 14 45590 0 28800 0 0 0 182400 0 132008 27600 55200 110400 19200 24000 0 2400 27600 55200 110400 12000000 12000000 0.368000 
0 0 0 0 19200 74400 9600 7200 2.616996 33.562664 1.920000 4800 2409 14400 28800 13 45592 0 28800 0 0 0 182400 0 132010 27600 55200 110400 19200 24000 0 2400 27600 55200 110400 12300000 12300000 0.368000 
0 0 0 0 20408 79081 10204 7653 2.781456 35.684319 2.040800 5106 2557 15302 30616 19 48455 0 30612 0 0 0 193876 0 141339 29336 58673 117346 20408 25510 0 2551 29336 58673 117346 12600000 12600000 0.391153 
0 0 0 0 24728 95821 12364 9273 3.246853 33.991844 2.472800 6182 3103 18546 37092 18 58735 0 37092 0 0 0 234916 0 174634 35546 71093 142186 24728 30910 0 3091 35546 71093 142186 12900000 12900000 0.473953 
0 0 0 0 24728 95821 12364 9273 3.238824 33.389587 2.472800 6182 3103 18546 37092 18 58735 0 37092 0 0 0 234916 0 174637 35546 71093 142186 24728 30910 0 3091 35546 71093 142186 13200000 13200000 0.473953 
0 0 0 0 24064 93248 12032 9024 3.157350 32.495251 2.406400 6018 3018 18046 36098 20 57546 0 36096 0 0 0 228608 0 169156 34592 69184 138368 24064 30080 0 3008 34592 69184 138368 13500000 13500000 0.461227 
0 0 0 0 20504 79453 10252 7689 2.774569 32.402905 2.050400 5126 2573 15378 30756 15 51225 0 30756 0 0 0 194788 0 140975 29474 58949 117898 20504 25630 0 2563 29474 58949 117898 13800000 13800000 0.392993 
0 0 0 0 20504 79453 10252 7689 2.794642 33.453648 2.050400 5126 2573 15378 30752 15 51221 0 30756 0 0 0 194772 0 140975 29474 58948 117897 20504 25630 0 2563 29474 58949 117898 14100000 14100000 0.392993 
0 0 0 0 20504 79453 10252 7689 2.794642 33.453648 2.050400 5124 2572 15376 30752 15 51219 0 30748 0 0 0 194736 0 140945 29466 58932 117865 20504 25630 0 2563 29474 58949 117898 14400000 14400000 0.392993 
0 0 0 0 20496 79422 10248 7686 2.793551 33.440601 2.049600 5126 2573 15374 30752 15 51216 0 30752 0 0 0 194780 0 140950 29471 58943 117886 20496 25620 0 2562 29463 58926 117852 14700000 14700000 0.392840 
0 0 0 0 20504 79453 10252 7689 2.794642 33.453648 2.050400 5126 2573 15378 30756 15 51224 0 30756 0 0 0 194788 0 140975 29474 58949 117898 20504 25630 0 2563 29474 58949 117898 15000000 15000000 0.392993 
0 0 0 0 20504 79453 10252 7689 2.794642 33.453648 2.050400 5126 2573 15378 30756 15 51225 0 30756 0 0 0 194788 0 140975 29474 58949 117898 20504 25630 0 2563 29474 58949 117898 15300000 15300000 0.392993 
0 0 0 0 20504 79453 10252 7689 2.794642 33.453648 2.050400 5126 2573 15378 30756 15 51225 0 30756 0 0 0 194788 0 140975 29474 58949 117898 20504 25630 0 2563 29474 58949 117898 15600000 15600000 0.392993 
0 0 0 0 20504 79453 10252 7689 2.794642 33.453648 2.050400 5126 2573 15378 30756 15 51225 0 30756 0 0 0 194788 0 140975 29474 58949 117898 20504 25630 0 2563 29474 58949 117898 15900000 15900000 0.392993 
0 0 0 0 20480 79360 10240 7680 2.791363 33.415920 2.048000 5126 2564 15358 30722 15 51158 0 30720 0 0 0 194560 0 140808 29440 58880 117760 20480 25600 0 2560 29440 58880 117760 16200000 16200000 0.392533 
0 0 0 0 20504 79453 10252 7689 2.794636 33.485500 2.050400 5126 2573 15378 30756 15 51225 0 30756 0 0 0 194788 0 140975 29474 58949 117898 20504 25630 0 2563 29474 58949 117898 16500000 16500000 0.392993 
0 0 0 0 20504 79453 10252 7689 2.794642 33.453648 2.050400 5126 2573 15378 30756 15 51225 0 30756 0 0 0 194788 0 140975 29474 58949 117898 20504 25630 0 2563 29474 58949 117898 16800000 16800000 0.392993 
0 0 0 0 20504 79453 10252 7689 2.794642 33.453648 2.050400 5126 2573 15378 30756 15 51225 0 30756 0 0 0 194788 0 140975 29474 58949 117898 20504 25630 0 2563 29474 58949 117898 17100000 17100000 0.392993 
0 0 0 0 20496 79422 10248 7686 2.793545 33.448399 2.049600 5126 2570 15370 30746 15 51199 0 30744 0 0 0 194712 0 140919 29463 58926 117852 20496 25620 0 2562 29463 58926 117852 17400000 17400000 0.392840 
0 0 0 0 20504 79453 10252 7689 2.794642 33.453648 2.050400 5126 2573 15378 30756 15 51225 0 30756 0 0 0 194788 0 140975 29474 58949 117898 20504 25630 0 2563 29474 58949 117898 17700000 17700000 0.392993 
0 0 0 0 20504 79453 10252 7689 2.794642 33.453648 2.050400 5126 2573 15378 30756 15 51225 0 30756 0 0 0 194788 0 140975 29474 58949 117898 20504 25630 0 2563 29474 58949 117898 18000000 18000000 0.392993 
0 0 0 0 20504 79453 10252 7689 2.794642 33.453648 2.050400 5126 2573 15378 30756 15 51225 0 30756 0 0 0 194788 0 140975 29474 58949 117898 20504 25630 0 2563 29474 58949 117898 18300000 18300000 0.392993 
0 0 0 0 20504 79453 10252 7689 2.794642 33.453648 2.050400 5126 2573 15378 30756 15 51225 0 30756 0 0 0 194788 0 140975 29474 58949 117898 20504 25630 0 2563 29474 58949 117898 18600000 18600000 0.392993 
0 0 0 0 20504 79453 10252 7689 2.794642 33.453648 2.050400 5126 2573 15378 30756 15 51225 0 30756 0 0 0 194788 0 140975 29474 58949 117898 20504 25630 0 2563 29474 58949 117898 18900000 18900000 0.392993 
0 0 0 0 20504 79453 10252 7689 2.794642 33.453648 2.050400 5126 2573 15378 30756 15 51225 0 30756 0 0 0 194788 0 140975 29474 58949 117898 20504 25630 0 2563 29474 58949 117898 19200000 19200000 0.392993 
0 0 0 0 20504 79453 10252 7689 2.794642 33.453648 2.050400 5124 2573 15378 30750 15 51219 0 30752 0 0 0 194744 0 140961 29470 58941 117882 20504 25630 0 2563 29474 58949 117898 19500000 19500000 0.392993 
0 0 0 0 20496 79422 10248 7686 2.793551 33.440601 2.049600 5126 2572 15372 30750 15 51212 0 30748 0 0 0 194760 0 140934 29467 58934 117868 20496 25620 0 2562 29463 58926 117852 19800000 19800000 0.392840 
0 0 0 0 20488 79391 10244 7683 2.792448 33.448105 2.048800 5128 2565 15364 30734 15 51177 0 30732 0 0 0 194632 0 140863 29451 58903 117806 20488 25610 0 2561 29451 58903 117806 20100000 20100000 0.392687 
0 0 0 0 20504 79453 10252 7689 2.794642 33.466362 2.050400 5126 2573 15378 30752 15 51221 0 30756 0 0 0 194764 0 140975 29472 58945 117891 20504 25630 0 2563 29474 58949 117898 20400000 20400000 0.392993 
0 0 0 0 20501 79442 10250 7688 2.794201 33.447823 2.050067 5124 2572 15374 30752 15 51216 0 30746 0 0 0 194740 0 140929 29465 58931 117863 20501 25626 0 2562 29470 58940 117881 20700000 20700000 0.392937 
0 0 0 0 20507 79464 10254 7690 2.795082 33.459473 2.050733 5126 2574 15382 30760 15 51233 0 30764 0 0 0 194828 0 141015 29481 58963 117926 20507 25634 0 2564 29478 58957 117915 21000000 21000000 0.393050 
0 0 0 0 20488 79391 10244 7683 2.792454 33.437634 2.048800 5126 2569 15366 30736 15 51186 0 30734 0 0 0 194672 0 140870 29455 58910 117820 20488 25610 0 2561 29451 58903 117806 21300000 21300000 0.392687 
0 0 0 0 20504 79453 10252 7689 2.794642 33.453648 2.050400 5126 2573 15378 30756 15 51224 0 30756 0 0 0 194784 0 140975 29474 58949 117898 20504 25630 0 2563 29474 58949 117898 21600000 21600000 0.392993 
0 0 0 0 20504 79453 10252 7689 2.794642 33.453648 2.050400 5126 2573 15378 30756 15 51225 0 30756 0 0 0 194788 0 140975 29474 58949 117898 20504 25630 0 2563 29474 58949 117898 21900000 21900000 0.392993 
0 0 0 0 20504 79453 10252 7689 2.794642 33.453648 2.050400 5126 2573 15378 30756 15 51225 0 30756 0 0 0 194788 0 140975 29474 58949 117898 20504 25630 0 2563 29474 58949 117898 22200000 22200000 0.392993 
0 0 0 0 20504 79453 10252 7689 2.794642 33.453648 2.050400 5126 2573 15378 30756 15 51225 0 30756 0 0 0 194788 0 140975 29474 58949 117898 20504 25630 0 2563 29474 58949 117898 22500000 22500000 0.392993 
0 0 0 0 20504 79453 10252 7689 2.794642 33.453648 2.050400 5126 2573 15378 30756 15 51225 0 30756 0 0 0 194788 0 140975 29474 58949 117898 20504 25630 0 2563 29474 58949 117898 22800000 22800000 0.392993 
0 0 0 0 20504 79453 10252 7689 2.794642 33.453915 2.050400 5126 2573 15378 30756 15 51225 0 30756 0 0 0 194788 0 140975 29474 58949 117898 20504 25630 0 2563 29474 58949 117898 23100000 23100000 0.392993 
0 0 0 0 20504 79453 10252 7689 2.794642 33.454319 2.050400 5126 2573 15378 30756 15 51225 0 30756 0 0 0 194788 0 140975 29474 58949 117898 20504 25630 0 2563 29474 58949 117898 23400000 23400000 0.392993 
0 0 0 0 20504 79453 10252 7689 2.794516 33.453354 2.050400 5126 2573 15378 30756 15 51225 0 30756 0 0 0 194788 0 140975 29474 58949 117898 20504 25630 0 2563 29474 58949 117898 23700000 23700000 0.392993 
0 0 0 0 20344 78833 10172 7629 2.772943 33.456841 2.034400 5090 2547 15256 30514 15 50814 0 30513 0 0 0 193230 0 139865 29240 58481 116962 20344 25430 0 2543 29244 58489 116978 24000000 24000000 0.389927 
0 0 0 0 20496 79422 10248 7686 2.793551 33.440601 2.049600 5126 2572 15372 30748 15 51210 0 30747 0 0 0 194754 0 140928 29467 58934 117868 20496 25620 0 2562 29463 58926 117852 24300000 24300000 0.392840 
0 0 0 0 20504 79453 10252 7689 2.794642 33.453648 2.050400 5126 2573 15378 30756 15 51224 0 30756 0 0 0 194784 0 140975 29474 58949 117898 20504 25630 0 2563 29474 58949 117898 24600000 24600000 0.392993 
0 0 0 0 20506 79460 10254 7689 2.795013 33.458023 2.050667 5127 2572 15376 30760 15 51224 0 30756 0 0 0 194792 0 140974 29474 58949 117898 20505 25634 0 2563 29477 58954 117909 24900000 24900000 0.393030 
0 0 0 0 20502 79446 10250 7689 2.794264 33.457336 2.050133 5125 2571 15376 30746 15 51210 0 30748 0 0 0 194716 0 140945 29466 58932 117864 20503 25626 0 2563 29471 58943 117887 25200000 25200000 0.392957 
0 0 0 0 20496 79422 10248 7686 2.793551 33.441273 2.049600 5126 2573 15374 30752 15 51216 0 30752 0 0 0 194780 0 140950 29471 58943 117886 20496 25620 0 2562 29463 58926 117852 25500000 25500000 0.392840 
0 0 0 0 20504 79453 10252 7689 2.794542 33.454067 2.050400 5126 2573 15378 30756 15 51224 0 30756 0 0 0 194788 0 140975 29474 58949 117898 20504 25630 0 2563 29474 58949 117898 25800000 25800000 0.392993 
Overall FDD_reg: 0.
Overall FDD_mem: 0.
Overall TDD_reg: 0.
Overall TDD_mem: 0.
Overall unknown instructions: 1724120.
Overall NOP: 6680964.
Overall ACE instructions: 862060.
Overall Prefetching: 646545.
Overall IQAVF: 2.705137.
Overall ROBAVF: 33.085801.
Overall FUAVF: 1.987869.
Overall register files AVF: 18.095894.
Overall DL1 cache data part AVF: 0.000000.
Overall DL1 cache data part unknown: 0.000000.
Overall DL1 cache tag part AVF: 0.000000.
Overall DL1 cache tag part unknown: 0.000000.
Overall DTLB cache data part AVF: 0.000000.
Overall DTLB cache data part unknown: 0.000000.
Overall DTLB cache tag part AVF: 0.000000.
Overall DTLB cache tag part unknown: 0.000000.
Overall Load queue data part AVF: 47.069502.
Overall Load queue tag part AVF: 65.914482.
Overall Store queue data part AVF: 42.056537.
Overall Store queue tag part AVF: 42.056537.
Overall victim buffer data part AVF: 0.000000.
Overall victim buffer data part unknown: 0.000000.
Overall victim buffer tag part AVF: 0.000000.
Overall victim buffer tag part unknown: 0.000000.
