FDD_reg FDD_mem TDD_reg TDD_mem unknown NOP ACE Prefetching IQ_AVF ROB_AVF FU_AVF L2readmiss L2readaccess dcachereadMiss dcacheReadAccess dtlbTotalMiss dtlbTotalAccess icacheReadMiss icacheReadAccess itlbTotalmiss itlbTotalAccess  floatRegWrite intRegWrite floatRegRead intRegRead CommitedFpinst CommitedIntInst CommitedInst StoreInst LoadInst branchMisspredict branchInst fpIntNum intInstNum totalInst busyCycle totalCycle IPC
238 2 315 0 4 92 968 0 inf inf inf 184 11 182 6867 24 7176 38 19918 0 0 0 98574 0 35676 13544 27088 54176 942 4704 664 6870 10405 20810 41620 40000 40000 1.040500 
1890 575 774 1290 110 4221 16308 0 18.441090 8.421621 7.763417 520 21 474 5158 22 6086 206 11369 0 0 36 55180 37 23281 7803 15607 31215 1250 3403 328 4358 6292 12584 25168 40000 40000 0.629200 
965 25 8 0 228 7078 16904 0 12.088301 4.624390 4.206625 493 38 1008 7314 17 8714 85 9963 0 0 0 48320 0 20850 7334 14668 29336 3661 3967 208 3124 6302 12604 25208 40000 40000 0.630200 
370 1618 18 273 2584 14055 17925 345 10.889834 8.775895 3.348556 248 24 148 8120 3 8501 119 16268 0 0 240 77166 10 27097 10977 21955 43911 3120 4514 370 5606 9297 18594 37188 40000 40000 0.929700 
1667 2997 580 1543 802 10474 15180 0 5.536067 2.390719 1.900313 312 148 482 10561 4 11374 105 13977 0 0 22 66754 3 30710 9997 19994 39988 4495 5319 335 5286 8310 16621 33243 40000 40000 0.831075 
1042 1650 256 417 1075 9977 14651 230 3.488857 1.756109 1.523583 383 67 486 10679 7 11556 169 11836 0 0 46 55402 21 26488 8587 17174 34349 5101 5145 259 3898 7324 14649 29298 40000 40000 0.732450 
608 3569 275 972 2471 12646 13930 561 3.620762 1.997097 1.313278 226 216 483 12878 2 13706 98 14239 0 0 22 66238 18 30079 10226 20453 40906 5725 6466 290 4922 8758 17516 35032 40000 40000 0.875800 
630 4163 105 814 2078 14005 15521 418 3.343412 1.622638 1.220000 149 249 476 13058 1 13868 67 14313 0 0 0 71200 6 31482 10707 21415 42831 5588 6854 192 5361 9433 18867 37734 40000 40000 0.943350 
688 3438 14 849 1811 12881 15067 385 2.752668 1.323493 1.017344 247 233 450 12431 6 13269 143 12848 0 0 0 64852 12 29785 9708 19417 38835 5349 6643 182 4954 8783 17566 35133 40000 40000 0.878325 
581 2493 3 715 1330 9461 10707 260 1.636332 0.831513 0.646472 423 318 1434 7912 0 9811 48 8806 0 0 0 41840 6 24712 7174 14348 28696 6592 2077 170 2712 6387 12775 25550 40000 40000 0.638750 
652 2320 162 629 1820 9883 10104 380 1.453132 0.951118 0.574967 495 544 913 12277 5 13386 30 10264 0 0 612 43702 26 25055 7701 15402 30805 6781 5118 151 3003 6487 12975 25950 40000 40000 0.648750 
798 1808 1526 362 8817 11029 8670 1903 1.406818 3.772212 0.735053 96 188 241 15828 0 16110 12 12450 0 0 0 63058 0 26045 9710 19420 38840 5653 9456 135 4456 8728 17456 34913 40000 40000 0.872825 
339 4156 3 755 1299 15506 11520 157 1.621634 0.556348 0.527903 280 177 141 13973 13 14366 161 12998 0 0 0 63306 0 26691 9662 19324 38648 5271 7768 276 4727 8433 16867 33735 40000 40000 0.843375 
1590 5304 87 881 1321 19118 17970 91 2.069024 0.704327 0.733070 7 26 25 11057 0 11088 1 16314 0 0 0 91292 0 32667 12227 24455 48910 2715 7632 57 9860 11590 23181 46362 40000 40000 1.159050 
2653 2433 270 357 138 15602 21743 0 1.796402 0.631731 0.778869 67 75 79 12832 0 12994 35 15524 0 0 0 83584 0 31665 11727 23455 46910 4096 7880 121 8150 10799 21598 43196 40000 40000 1.079900 
2046 2695 199 519 338 12865 16510 0 1.368858 0.480648 0.557739 11 9 2 12662 0 12684 7 12103 0 0 0 62118 0 30763 9122 18245 36490 4935 7552 101 5751 8793 17586 35172 40000 40000 0.879300 
1244 4652 280 1863 357 12926 13401 0 1.100773 0.381860 0.425432 10 4 13 12600 0 12622 3 11415 0 0 0 59982 0 29826 8777 17554 35108 4982 7573 29 5621 8680 17361 34723 40000 40000 0.868075 
1081 4528 292 1952 266 12493 12912 0 0.917295 0.309972 0.383814 15 14 60 12256 0 12331 0 10828 0 0 0 57296 0 28767 8386 16773 33546 4884 7428 4 5381 8381 16762 33524 40000 40000 0.838100 
1098 4806 305 2076 248 12896 13141 0 0.877964 0.299567 0.368199 23 12 56 12235 0 12314 3 11339 0 0 0 60016 0 29561 8753 17507 35015 4844 7397 28 5676 8642 17285 34570 40000 40000 0.864250 
1065 4686 295 2028 238 12487 12563 0 0.800867 0.272068 0.333719 15 16 61 12252 0 12328 0 10739 0 0 0 56924 0 28761 8343 16687 33374 4907 7403 3 5313 8340 16681 33362 40000 40000 0.834050 
1128 4526 293 1938 237 12606 13224 0 0.794846 0.274641 0.333333 15 16 63 12345 0 12423 0 11039 0 0 0 58192 0 28670 8502 17004 34009 4886 7513 9 5506 8488 16976 33952 40000 40000 0.848800 
1028 4511 285 1953 232 12182 12514 0 0.717700 0.245291 0.300349 18 27 63 12020 0 12102 3 10646 0 0 0 56134 0 27907 8221 16443 32887 4765 7273 8 5243 8176 16352 32705 40000 40000 0.817625 
1037 4566 286 1976 291 12503 12738 0 0.691457 0.237009 0.293159 14 13 59 12293 0 12366 0 10727 0 0 0 56908 0 28863 8350 16701 33402 4940 7408 2 5298 8349 16698 33397 40000 40000 0.834925 
1063 4656 295 2012 240 12500 12761 0 0.667753 0.228063 0.279797 15 13 57 12262 0 12334 0 10823 0 0 0 57292 0 28760 8385 16770 33541 4886 7431 4 5377 8381 16763 33527 40000 40000 0.838175 
1063 4651 295 2012 240 12499 12760 0 0.639036 0.217535 0.268118 15 15 60 12266 0 12341 0 10828 0 0 0 57272 0 28778 8386 16773 33547 4895 7426 4 5372 8380 16760 33520 40000 40000 0.838000 
1083 4757 300 2062 244 12791 13052 0 0.627590 0.213826 0.263270 35 13 45 11739 0 11819 12 11643 0 0 0 61138 0 28833 8802 17605 35211 4376 7251 66 5972 8572 17144 34289 40000 40000 0.857225 
1257 4428 347 1886 252 12670 14716 0 0.674169 0.237268 0.285452 72 74 154 12824 10 13055 26 11889 0 0 0 62400 0 29689 9219 18439 36879 5212 7461 67 5464 8889 17778 35556 40000 40000 0.888900 
1334 4161 336 1518 376 12054 12902 0 0.593205 0.206809 0.243201 308 274 263 12369 1 13015 170 11884 0 0 0 58926 0 27646 8953 17906 35813 5094 6959 204 4480 8170 16340 32681 40000 40000 0.817025 
1340 3952 328 1141 570 10335 9122 0 0.457962 0.151977 0.169574 428 326 334 8376 0 9087 191 11298 0 0 12 55416 95 24800 8059 16119 32239 2612 5124 393 3690 6697 13394 26788 40000 40000 0.669700 
960 2506 81 707 345 8444 10700 7 0.497223 0.189690 0.187799 437 606 526 8135 3 9416 338 10830 0 0 22 48446 36 23529 7501 15003 30006 3327 4177 473 3278 5937 11875 23750 40000 40000 0.593750 
691 1393 26 382 215 6314 7711 15 0.435186 0.169891 0.129951 650 619 284 6760 4 8055 556 8925 0 0 12 37982 60 18024 5784 11569 23139 1996 3723 486 2364 4186 8373 16747 40000 40000 0.418675 
407 1956 21 447 1551 9175 11380 220 0.491547 0.311746 0.201336 359 665 133 9586 3 10613 422 11795 0 0 34 54312 100 23395 7962 15924 31849 2581 5819 465 3478 6289 12578 25157 40000 40000 0.628925 
768 1782 111 392 487 8820 7376 44 0.398811 0.157524 0.120620 590 547 178 8018 6 9153 534 10297 0 0 26 44958 27 20366 6810 13620 27240 2322 4449 477 2774 4945 9890 19780 40000 40000 0.494500 
1103 2334 157 599 316 11929 9933 45 0.494600 0.177788 0.152884 382 370 233 12172 4 13043 343 13823 0 0 72 58272 8 26565 9100 18200 36400 3832 6350 559 3878 6604 13208 26416 40000 40000 0.660400 
885 2319 138 433 544 9847 8252 16 0.380093 0.139582 0.127186 476 292 169 11158 1 11983 374 14055 0 0 38 55648 14 26920 8721 17443 34887 2880 5452 738 3700 5608 11217 22434 40000 40000 0.560850 
453 2690 24 549 505 9694 7412 65 0.332160 0.121754 0.110974 579 250 142 8062 6 8927 422 12381 0 0 86 49398 6 24475 7575 15151 30303 2176 4259 709 3934 5348 10696 21392 40000 40000 0.534800 
699 2635 52 763 369 11526 10162 7 0.401298 0.157901 0.144958 286 383 76 12170 0 12885 301 15798 0 0 36 62872 3 32183 9893 19787 39575 3112 6314 861 4546 6553 13106 26213 40000 40000 0.655325 
845 3230 102 962 279 12893 12191 54 0.428000 0.167787 0.166180 200 348 17 13582 0 14122 266 16469 0 0 40 71600 9 34587 10973 21946 43893 3552 7188 726 5382 7639 15278 30556 40000 40000 0.763900 
590 2416 72 598 164 9717 8840 0 0.318109 0.108311 0.117884 467 346 149 10383 6 11273 373 14017 0 0 0 53944 28 27565 8590 17180 34360 2984 4802 809 3942 5599 11198 22397 40000 40000 0.559925 
522 2318 48 785 259 8980 8228 4 0.306744 0.104568 0.107630 506 542 386 9759 1 11075 426 12075 0 0 124 48266 31 25855 7828 15657 31314 3491 4488 647 3137 5286 10572 21144 40000 40000 0.528600 
1023 5164 89 1180 1575 18914 16121 119 0.587591 0.283936 0.218639 51 611 133 17134 0 17845 198 15948 0 0 20 80778 10 36422 12238 24476 48952 7182 8999 147 6499 11046 22092 44185 40000 40000 1.104625 
1128 6414 142 1415 502 18669 14814 153 0.510372 0.172186 0.184114 57 636 156 16803 0 17562 202 15658 0 0 20 79288 10 35593 11983 23966 47933 6938 8940 136 6380 10809 21618 43237 40000 40000 1.080925 
1024 6057 129 1337 472 17347 13709 153 0.457215 0.154289 0.166462 68 322 164 16464 0 16956 111 16497 0 0 6 81444 3 33385 12017 24035 48070 5302 9071 269 6500 10057 20114 40228 40000 40000 1.005700 
831 4187 38 1198 849 16871 13877 71 0.477688 0.195405 0.168793 85 865 201 12872 0 13944 330 17602 0 0 116 80808 3 33331 11833 23666 47332 3525 7982 608 7724 9480 18961 37922 40000 40000 0.948050 
571 2119 57 681 445 11526 11487 65 0.382908 0.181272 0.134225 354 359 247 11308 0 12192 312 14371 0 0 210 61636 0 29200 9390 18781 37563 2807 6395 703 4458 6737 13475 26951 40000 40000 0.673775 
810 2080 352 665 776 10870 10642 45 0.340491 0.156938 0.125800 491 248 48 10531 4 11267 427 13076 0 0 34 58154 1 27153 8885 17770 35541 3074 5345 663 4324 6560 13120 26240 40000 40000 0.656000 
1013 1530 130 348 183 8502 8540 176 0.233773 0.097652 0.091587 640 298 183 7875 0 9045 496 10408 0 0 10 44156 0 22514 6885 13770 27540 2901 3802 549 3171 5105 10211 20422 40000 40000 0.510550 
572 3439 102 1222 300 12440 12767 82 0.382597 0.133035 0.136826 267 132 97 11467 0 11859 163 14600 0 0 54 69396 17 30424 10225 20451 40902 2858 6485 614 4359 7731 15462 30924 40000 40000 0.773100 
1224 3029 64 1240 783 13900 11868 134 0.348828 0.133550 0.130831 251 128 158 10451 3 10901 158 14248 0 0 30 70306 0 28714 10026 20052 40105 2428 6937 459 4875 8060 16121 32242 40000 40000 0.806050 
1276 1528 595 882 418 10413 11325 68 0.335552 0.131878 0.119623 395 199 326 8617 7 9416 218 12670 0 0 14 58308 0 27482 8607 17214 34428 2680 5075 482 4285 6626 13252 26505 40000 40000 0.662625 
504 1007 90 691 1361 10832 8901 92 0.232097 0.131008 0.100528 261 75 77 8084 3 8446 174 11465 0 0 14 52594 0 26870 7575 15150 30300 1884 4934 399 3418 5869 11739 23478 40000 40000 0.586950 
1291 2535 269 558 189 11258 14287 16 0.631020 0.205688 0.140725 249 734 205 12616 0 13684 402 16337 0 0 40 66612 20 33015 10375 20750 41501 3836 6413 807 5085 7600 15201 30403 40000 40000 0.760075 
844 2763 117 589 982 13192 10857 89 0.284132 0.096706 0.111471 395 296 84 11359 3 12056 342 15510 0 0 20 69644 1 31310 10405 20811 41622 2745 6221 642 5352 7358 14716 29433 40000 40000 0.735825 
954 1543 208 535 482 11333 10235 45 0.292326 0.093753 0.099915 414 524 126 9958 0 10877 434 13565 0 0 32 58066 40 26312 8764 17528 35056 2464 5782 694 4440 6333 12667 25335 40000 40000 0.633375 
653 1961 69 553 247 11072 9429 0 0.292496 0.094026 0.088582 329 1046 484 8635 3 9853 339 12609 0 0 56 54280 66 22390 8044 16089 32178 2064 5533 572 4229 5996 11992 23984 40000 40000 0.599600 
Overall FDD_reg: 53219.
Overall FDD_mem: 169061.
Overall TDD_reg: 11815.
Overall TDD_mem: 54504.
Overall unknown instructions: 44615.
Overall NOP: 644313.
Overall ACE instructions: 670528.
Overall Prefetching: 6515.
Overall IQAVF: 16.898604.
Overall ROBAVF: 7.556199.
Overall FUAVF: 6.295904.
Overall register files AVF: 45.141444.
Overall DL1 cache data part AVF: 0.000000.
Overall DL1 cache data part unknown: 0.000000.
Overall DL1 cache tag part AVF: 0.000000.
Overall DL1 cache tag part unknown: 0.000000.
Overall DTLB cache data part AVF: 0.000000.
Overall DTLB cache data part unknown: 0.000000.
Overall DTLB cache tag part AVF: 0.000000.
Overall DTLB cache tag part unknown: 0.000000.
Overall Load queue data part AVF: 2.748961.
Overall Load queue tag part AVF: 3.744866.
Overall Store queue data part AVF: 3.066635.
Overall Store queue tag part AVF: 3.988017.
Overall victim buffer data part AVF: 0.000000.
Overall victim buffer data part unknown: 0.000000.
Overall victim buffer tag part AVF: 0.000000.
Overall victim buffer tag part unknown: 0.000000.
