simpoint_ID FDD_reg FDD_mem TDD_reg TDD_mem unknown NOP ACE Prefetching IQ_AVF ROB_AVF FU_AVF L2readmiss L2readaccess dcachereadMiss dcacheReadAccess dtlbTotalMiss dtlbTotalAccess icacheReadMiss icacheReadAccess itlbTotalmiss itlbTotalAccess  floatRegWrite intRegWrite floatRegRead intRegRead CommitedFpinst CommitedIntInst CommitedInst StoreInst LoadInst branchMisspredict branchInst fpIntNum intInstNum totalInst IPC
0 0 0 0 22392 86768 11196 8397 1.921919 25.360584 1.679400 7351 3170 22028 44024 29 69745 3 44050 0 0 0 278940 0 201895 42208 84417 168834 29349 36686 0 3669 42188 84377 168754 400000 400000 0.421885 
0 0 0 0 29360 113770 14680 11010 2.491761 33.253506 2.202000 7346 3678 22016 44044 25 69708 0 44040 0 0 0 278920 0 201883 42205 84410 168820 29360 36700 0 3670 42205 84410 168820 800000 800000 0.422050 
0 0 0 0 27792 107694 13896 10422 2.358695 32.150330 2.084400 6948 3488 20844 41688 21 65992 0 41688 0 0 0 264024 0 191096 39951 79902 159804 27792 34740 0 3474 39951 79902 159804 1200000 1200000 0.399510 
0 0 0 0 25600 99200 12800 9600 2.172603 33.389786 1.920000 6400 3212 19200 38400 18 60788 0 38400 0 0 0 243200 0 176012 36800 73600 147200 25600 32000 0 3200 36800 73600 147200 1600000 1600000 0.368000 
0 0 0 0 25599 99200 12800 9600 2.172625 33.390579 1.919950 6400 3210 19198 38394 22 60773 0 38393 0 0 0 243140 0 175992 36793 73587 147174 25599 32000 0 3200 36799 73599 147199 2000000 2000000 0.367997 
0 0 0 0 25600 99200 12800 9600 2.172603 33.389786 1.920000 6400 3213 19200 38400 19 60788 0 38400 0 0 0 243200 0 176014 36800 73600 147200 25600 32000 0 3200 36800 73600 147200 2400000 2400000 0.368000 
0 0 0 0 25600 99200 12800 9600 2.172603 33.389786 1.920000 6400 3212 19200 38400 18 60788 0 38400 0 0 0 243200 0 176012 36800 73600 147200 25600 32000 0 3200 36800 73600 147200 2800000 2800000 0.368000 
0 0 0 0 25600 99200 12800 9600 2.172603 33.389786 1.920000 6400 3212 19200 38400 18 60788 0 38400 0 0 0 243200 0 176012 36800 73600 147200 25600 32000 0 3200 36800 73600 147200 3200000 3200000 0.368000 
0 0 0 0 25600 99200 12800 9600 2.172620 33.389771 1.920000 6400 3213 19200 38400 20 60786 0 38400 0 0 0 243200 0 176012 36800 73600 147200 25600 32000 0 3200 36800 73600 147200 3600000 3600000 0.368000 
0 0 0 0 25600 99200 12800 9600 2.172603 33.389786 1.920000 6400 3213 19200 38400 19 60788 0 38400 0 0 0 243200 0 176014 36800 73600 147200 25600 32000 0 3200 36800 73600 147200 4000000 4000000 0.368000 
0 0 0 0 25600 99200 12800 9600 2.172603 33.389786 1.920000 6400 3212 19200 38400 18 60788 0 38400 0 0 0 243200 0 176012 36800 73600 147200 25600 32000 0 3200 36800 73600 147200 4400000 4400000 0.368000 
0 0 0 0 25593 99169 12796 9597 2.171974 33.380108 1.919450 6403 3209 19192 38398 20 60774 0 38395 0 0 0 243184 0 175981 36795 73590 147180 25593 31990 0 3199 36788 73577 147155 4800000 4800000 0.367887 
0 0 0 0 25592 99169 12796 9597 2.172051 33.393360 1.919400 6401 3209 19192 38390 22 60763 0 38388 0 0 0 243124 0 175959 36788 73577 147154 25592 31990 0 3199 36788 73577 147154 5200000 5200000 0.367885 
0 0 0 0 25600 99200 12800 9600 2.172603 33.389786 1.920000 6400 3213 19200 38400 19 60788 0 38400 0 0 0 243200 0 176014 36800 73600 147200 25600 32000 0 3200 36800 73600 147200 5600000 5600000 0.368000 
0 0 0 0 25600 99200 12800 9600 2.172603 33.389786 1.920000 6402 3210 19198 38402 20 60784 0 38400 0 0 0 243200 0 176014 36800 73600 147200 25600 32000 0 3200 36800 73600 147200 6000000 6000000 0.368000 
0 0 0 0 25600 99200 12800 9600 2.172658 33.392719 1.920000 6400 3212 19200 38400 18 60788 0 38400 0 0 0 243200 0 176012 36800 73600 147200 25600 32000 0 3200 36800 73600 147200 6400000 6400000 0.368000 
0 0 0 0 25600 99200 12800 9600 2.172620 33.389771 1.920000 6400 3213 19200 38400 20 60786 0 38400 0 0 0 243200 0 176012 36800 73600 147200 25600 32000 0 3200 36800 73600 147200 6800000 6800000 0.368000 
0 0 0 0 25600 99200 12800 9600 2.172603 33.389786 1.920000 6400 3213 19200 38400 19 60788 0 38400 0 0 0 243200 0 176014 36800 73600 147200 25600 32000 0 3200 36800 73600 147200 7200000 7200000 0.368000 
0 0 0 0 25600 99200 12800 9600 2.172603 33.389786 1.920000 6400 3212 19200 38400 18 60788 0 38400 0 0 0 243200 0 176012 36800 73600 147200 25600 32000 0 3200 36800 73600 147200 7600000 7600000 0.368000 
0 0 0 0 25600 99200 12800 9600 2.172603 33.389786 1.920000 6400 3212 19200 38400 18 60788 0 38400 0 0 0 243200 0 176012 36800 73600 147200 25600 32000 0 3200 36800 73600 147200 8000000 8000000 0.368000 
0 0 0 0 25600 99200 12800 9600 2.172620 33.389771 1.920000 6400 3213 19200 38400 20 60786 0 38400 0 0 0 243200 0 176012 36800 73600 147200 25600 32000 0 3200 36800 73600 147200 8400000 8400000 0.368000 
0 0 0 0 25600 99200 12800 9600 2.172603 33.389786 1.920000 6400 3213 19200 38400 19 60788 0 38400 0 0 0 243200 0 176014 36800 73600 147200 25600 32000 0 3200 36800 73600 147200 8800000 8800000 0.368000 
0 0 0 0 25456 98642 12728 9546 2.160492 33.389614 1.909200 6370 3188 19088 38188 22 60438 0 38184 0 0 0 241832 0 175026 36593 73186 146372 25456 31820 0 3182 36593 73186 146372 9200000 9200000 0.365930 
0 0 0 0 25600 99200 12800 9600 2.172603 33.389786 1.920000 6400 3212 19200 38400 18 60788 0 38400 0 0 0 243200 0 176012 36800 73600 147200 25600 32000 0 3200 36800 73600 147200 9600000 9600000 0.368000 
0 0 0 0 25600 99200 12800 9600 2.172620 33.389771 1.920000 6401 3212 19198 38402 22 60783 0 38400 0 0 0 243200 0 176011 36800 73600 147200 25600 32000 0 3200 36800 73600 147200 10000000 10000000 0.368000 
0 0 0 0 25600 99200 12800 9600 2.172658 33.391350 1.920000 6401 3212 19200 38400 19 60787 0 38400 0 0 0 243200 0 176017 36800 73600 147200 25600 32000 0 3200 36800 73600 147200 10400000 10400000 0.368000 
0 0 0 0 25600 99200 12800 9600 2.172603 33.389786 1.920000 6400 3212 19200 38400 18 60788 0 38400 0 0 0 243200 0 176012 36800 73600 147200 25600 32000 0 3200 36800 73600 147200 10800000 10800000 0.368000 
0 0 0 0 25600 99200 12800 9600 2.172603 33.389786 1.920000 6400 3212 19200 38400 18 60788 0 38400 0 0 0 243200 0 176012 36800 73600 147200 25600 32000 0 3200 36800 73600 147200 11200000 11200000 0.368000 
0 0 0 0 25600 99200 12800 9600 2.172620 33.389771 1.920000 6400 3213 19200 38400 20 60786 0 38400 0 0 0 243200 0 176012 36800 73600 147200 25600 32000 0 3200 36800 73600 147200 11600000 11600000 0.368000 
0 0 0 0 25600 99200 12800 9600 2.172603 33.389786 1.920000 6400 3213 19200 38400 19 60788 0 38400 0 0 0 243200 0 176014 36800 73600 147200 25600 32000 0 3200 36800 73600 147200 12000000 12000000 0.368000 
0 0 0 0 25600 99200 12800 9600 2.172603 33.389786 1.920000 6400 3212 19200 38400 18 60788 0 38400 0 0 0 243200 0 176012 36800 73600 147200 25600 32000 0 3200 36800 73600 147200 12400000 12400000 0.368000 
0 0 0 0 29840 115630 14920 11190 2.532441 35.356510 2.238000 7460 3744 22380 44760 21 70869 0 44760 0 0 0 283476 0 208707 42895 85790 171580 29840 37300 0 3730 42895 85790 171580 12800000 12800000 0.428950 
0 0 0 0 32952 127689 16476 12357 2.796662 33.213169 2.471400 8242 4131 24710 49432 28 78260 0 49428 0 0 0 313048 0 232712 47368 94737 189474 32952 41190 0 4119 47368 94737 189474 13200000 13200000 0.473685 
0 0 0 0 31232 121024 15616 11712 2.650588 31.771574 2.342400 7808 3920 23424 46848 24 75219 0 46848 0 0 0 296704 0 218993 44896 89792 179584 31232 39040 0 3904 44896 89792 179584 13600000 13600000 0.448960 
0 0 0 0 27512 106609 13756 10317 2.334934 33.267258 2.063400 6880 3451 20632 41270 21 68600 0 41268 0 0 0 261364 0 189161 39548 79097 158194 27512 34390 0 3439 39548 79097 158194 14000000 14000000 0.395485 
0 0 0 0 27336 105927 13668 10251 2.319926 33.265759 2.050200 6834 3429 20502 41004 18 68296 0 41004 0 0 0 259692 0 187947 39295 78591 157182 27336 34170 0 3417 39295 78591 157182 14400000 14400000 0.392955 
0 0 0 0 27336 105927 13668 10251 2.319943 33.265747 2.050200 6834 3431 20502 41004 21 68292 0 41004 0 0 0 259692 0 187949 39295 78591 157182 27336 34170 0 3417 39295 78591 157182 14800000 14800000 0.392955 
0 0 0 0 27336 105927 13668 10251 2.319943 33.265949 2.050200 6834 3431 20502 41004 21 68293 0 41004 0 0 0 259696 0 187949 39295 78591 157182 27336 34170 0 3417 39295 78591 157182 15200000 15200000 0.392955 
0 0 0 0 27344 105958 13672 10254 2.320622 33.275681 2.050800 6836 3430 20508 41016 18 68315 0 41016 0 0 0 259764 0 188002 39307 78614 157228 27344 34180 0 3418 39307 78614 157228 15600000 15600000 0.393070 
0 0 0 0 27336 105927 13668 10251 2.319926 33.265560 2.050200 6834 3431 20502 41004 21 68292 0 41004 0 0 0 259692 0 187949 39295 78591 157182 27336 34170 0 3417 39295 78591 157182 16000000 16000000 0.392955 
0 0 0 0 27336 105927 13668 10251 2.319943 33.265949 2.050200 6834 3431 20502 41004 21 68292 0 41004 0 0 0 259692 0 187949 39295 78591 157182 27336 34170 0 3417 39295 78591 157182 16400000 16400000 0.392955 
0 0 0 0 27320 105865 13660 10245 2.318695 33.269947 2.049000 6836 3421 20488 40982 18 68249 0 40980 0 0 0 259540 0 187835 39272 78545 157090 27320 34150 0 3415 39272 78545 157090 16800000 16800000 0.392725 
0 0 0 0 27336 105927 13668 10251 2.319926 33.265560 2.050200 6834 3431 20502 41004 21 68292 0 41004 0 0 0 259692 0 187949 39295 78591 157182 27336 34170 0 3417 39295 78591 157182 17200000 17200000 0.392955 
0 0 0 0 27336 105927 13668 10251 2.319943 33.265949 2.050200 6834 3431 20502 41004 21 68292 0 41004 0 0 0 259692 0 187949 39295 78591 157182 27336 34170 0 3417 39295 78591 157182 17600000 17600000 0.392955 
0 0 0 0 27336 105927 13668 10251 2.319998 33.271053 2.050200 6836 3428 20500 41006 20 68287 0 41004 0 0 0 259692 0 187946 39295 78591 157182 27336 34170 0 3417 39295 78591 157182 18000000 18000000 0.392955 
0 0 0 0 27336 105927 13668 10251 2.319926 33.265560 2.050200 6834 3430 20502 41004 19 68295 0 41004 0 0 0 259692 0 187949 39295 78591 157182 27336 34170 0 3417 39295 78591 157182 18400000 18400000 0.392955 
0 0 0 0 27336 105927 13668 10251 2.319943 33.265949 2.050200 6834 3431 20502 41004 21 68292 0 41004 0 0 0 259692 0 187949 39295 78591 157182 27336 34170 0 3417 39295 78591 157182 18800000 18800000 0.392955 
0 0 0 0 27336 105927 13668 10251 2.319943 33.265949 2.050200 6834 3430 20502 41004 20 68293 0 41004 0 0 0 259692 0 187947 39295 78591 157182 27336 34170 0 3417 39295 78591 157182 19200000 19200000 0.392955 
0 0 0 0 27344 105958 13672 10254 2.320605 33.275993 2.050800 6836 3431 20508 41012 19 68311 0 41016 0 0 0 259744 0 188004 39306 78612 157224 27344 34180 0 3418 39307 78614 157228 19600000 19600000 0.393070 
0 0 0 0 27336 105927 13668 10251 2.319943 33.265244 2.050200 6834 3431 20502 41008 21 68296 0 41004 0 0 0 259716 0 187949 39296 78593 157186 27336 34170 0 3417 39295 78591 157182 20000000 20000000 0.392955 
0 0 0 0 27336 105927 13668 10251 2.319943 33.265949 2.050200 6835 3429 20500 41006 20 68291 0 41004 0 0 0 259692 0 187946 39295 78591 157182 27336 34170 0 3417 39295 78591 157182 20400000 20400000 0.392955 
0 0 0 0 27320 105865 13660 10245 2.318677 33.270260 2.049000 6835 3423 20490 40980 19 68250 0 40980 0 0 0 259540 0 187838 39272 78545 157090 27320 34150 0 3415 39272 78545 157090 20800000 20800000 0.392725 
0 0 0 0 27336 105927 13668 10251 2.319943 33.265244 2.050200 6834 3431 20502 41004 21 68292 0 41004 0 0 0 259692 0 187949 39295 78591 157182 27336 34170 0 3417 39295 78591 157182 21200000 21200000 0.392955 
0 0 0 0 27328 105896 13664 10248 2.319319 33.257320 2.049600 6834 3427 20496 40992 20 68268 0 40992 0 0 0 259616 0 187891 39284 78568 157136 27328 34160 0 3416 39284 78568 157136 21600000 21600000 0.392840 
0 0 0 0 27344 105958 13672 10254 2.320605 33.281704 2.050800 6834 3431 20508 41010 19 68309 0 41010 0 0 0 259724 0 187985 39302 78605 157210 27344 34180 0 3418 39307 78614 157228 22000000 22000000 0.393070 
0 0 0 0 27336 105927 13668 10251 2.319943 33.265244 2.050200 6836 3431 20502 41010 21 68298 0 41010 0 0 0 259736 0 187968 39300 78600 157200 27336 34170 0 3417 39295 78591 157182 22400000 22400000 0.392955 
0 0 0 0 27336 105927 13668 10251 2.319943 33.265949 2.050200 6834 3430 20502 41004 20 68293 0 41004 0 0 0 259692 0 187947 39295 78591 157182 27336 34170 0 3417 39295 78591 157182 22800000 22800000 0.392955 
0 0 0 0 27336 105927 13668 10251 2.319926 33.266262 2.050200 6834 3430 20502 41004 19 68294 0 41004 0 0 0 259692 0 187949 39295 78591 157182 27336 34170 0 3417 39295 78591 157182 23200000 23200000 0.392955 
0 0 0 0 27336 105927 13668 10251 2.319943 33.265244 2.050200 6834 3431 20502 41004 21 68293 0 41004 0 0 0 259692 0 187949 39295 78591 157182 27336 34170 0 3417 39295 78591 157182 23600000 23600000 0.392955 
0 0 0 0 27344 105958 13672 10254 2.320622 33.275681 2.050800 6834 3430 20508 41008 20 68305 0 41009 0 0 0 259712 0 187980 39301 78603 157206 27344 34180 0 3418 39307 78614 157228 24000000 24000000 0.393070 
0 0 0 0 27176 105307 13588 10191 2.306457 33.258259 2.038200 6802 3405 20380 40774 19 67895 0 40771 0 0 0 258228 0 186869 39071 78142 156284 27176 33970 0 3397 39065 78131 156262 24400000 24400000 0.390655 
0 0 0 0 27336 105927 13668 10251 2.319943 33.275719 2.050200 6834 3431 20502 41004 21 68293 0 41004 0 0 0 259692 0 187949 39295 78591 157182 27336 34170 0 3417 39295 78591 157182 24800000 24800000 0.392955 
0 0 0 0 27336 105927 13668 10251 2.319943 33.265949 2.050200 6834 3430 20502 41004 20 68293 0 41004 0 0 0 259692 0 187947 39295 78591 157182 27336 34170 0 3417 39295 78591 157182 25200000 25200000 0.392955 
0 0 0 0 27336 105927 13668 10251 2.319980 33.271370 2.050200 6836 3428 20500 41006 19 68288 0 41004 0 0 0 259692 0 187948 39295 78591 157182 27336 34170 0 3417 39295 78591 157182 25600000 25600000 0.392955 
0 0 0 0 27336 105927 13668 10251 2.319943 33.265446 2.050200 6834 3431 20502 41004 21 68293 0 41004 0 0 0 259692 0 187949 39295 78591 157182 27336 34170 0 3417 39295 78591 157182 26000000 26000000 0.392955 
Overall FDD_reg: 0.
Overall FDD_mem: 0.
Overall TDD_reg: 0.
Overall TDD_mem: 0.
Overall unknown instructions: 1737632.
Overall NOP: 6733323.
Overall ACE instructions: 868816.
Overall Prefetching: 651612.
Overall IQAVF: 2.267182.
Overall ROBAVF: 33.161516.
Overall FUAVF: 2.003270.
Overall register files AVF: 17.978948.
Overall DL1 cache data part AVF: 0.000000.
Overall DL1 cache data part unknown: 0.000000.
Overall DL1 cache tag part AVF: 0.000000.
Overall DL1 cache tag part unknown: 0.000000.
Overall DTLB cache data part AVF: 0.000000.
Overall DTLB cache data part unknown: 0.000000.
Overall DTLB cache tag part AVF: 0.000000.
Overall DTLB cache tag part unknown: 0.000000.
Overall Load queue data part AVF: 46.941659.
Overall Load queue tag part AVF: 65.786821.
Overall Store queue data part AVF: 42.004958.
Overall Store queue tag part AVF: 42.004958.
Overall victim buffer data part AVF: 0.000000.
Overall victim buffer data part unknown: 0.000000.
Overall victim buffer tag part AVF: 0.000000.
Overall victim buffer tag part unknown: 0.000000.
